03-Jan-2020 [8, 18, 20, 24, 31, 37, 39]
07-Jan-2020 [3, 8, 12, 14, 17, 18, 29]
10-Jan-2020 [10, 13, 14, 24, 28, 47, 48]
14-Jan-2020 [5, 16, 19, 23, 30, 37, 48]
17-Jan-2020 [5, 6, 36, 39, 40, 46, 48]
21-Jan-2020 [7, 11, 16, 21, 31, 36, 44]
24-Jan-2020 [2, 11, 14, 21, 23, 34, 36]
28-Jan-2020 [4, 10, 12, 27, 30, 44, 46]
31-Jan-2020 [2, 27, 30, 39, 44, 45, 49]
04-Feb-2020 [3, 12, 18, 25, 43, 46, 50]
07-Feb-2020 [21, 24, 26, 31, 36, 48, 49]
11-Feb-2020 [14, 15, 19, 22, 31, 36, 39]
14-Feb-2020 [14, 17, 20, 34, 38, 45, 49]
18-Feb-2020 [3, 6, 19, 23, 33, 40, 45]
21-Feb-2020 [4, 7, 14, 37, 48, 49, 50]
25-Feb-2020 [15, 32, 36, 40, 41, 43, 48]
28-Feb-2020 [21, 27, 30, 32, 33, 36, 46]
03-Mar-2020 [10, 14, 15, 25, 27, 39, 48]
06-Mar-2020 [2, 9, 10, 35, 41, 42, 47]
10-Mar-2020 [5, 6, 27, 37, 38, 46, 48]
13-Mar-2020 [7, 14, 15, 35, 36, 49, 50]
17-Mar-2020 [4, 5, 8, 15, 27, 41, 48]
20-Mar-2020 [9, 16, 17, 18, 21, 22, 27]
24-Mar-2020 [2, 11, 16, 18, 19, 20, 25]
27-Mar-2020 [3, 4, 13, 14, 30, 36, 41]
31-Mar-2020 [5, 7, 22, 29, 32, 37, 39]
03-Apr-2020 [5, 9, 10, 25, 27, 29, 38]
07-Apr-2020 [5, 20, 21, 22, 32, 37, 41]
10-Apr-2020 [3, 9, 10, 14, 15, 19, 20]
14-Apr-2020 [3, 6, 9, 22, 29, 38, 39]
17-Apr-2020 [2, 15, 21, 29, 40, 47, 50]
21-Apr-2020 [9, 10, 13, 21, 40, 41, 43]
24-Apr-2020 [8, 9, 19, 26, 27, 31, 46]
28-Apr-2020 [9, 18, 23, 36, 39, 43, 48]
01-May-2020 [3, 12, 25, 36, 37, 42, 49]
05-May-2020 [25, 28, 32, 41, 42, 44, 45]
08-May-2020 [3, 4, 10, 11, 26, 28, 40]
12-May-2020 [11, 19, 22, 26, 33, 46, 48]
15-May-2020 [7, 30, 32, 40, 47, 48, 50]
19-May-2020 [22, 23, 24, 25, 37, 40, 49]
22-May-2020 [9, 11, 14, 21, 22, 24, 41]
26-May-2020 [5, 27, 34, 37, 39, 41, 47]
29-May-2020 [5, 12, 15, 23, 26, 38, 41]
02-Jun-2020 [8, 14, 16, 17, 29, 41, 42]
05-Jun-2020 [1, 8, 15, 16, 32, 39, 40]
09-Jun-2020 [4, 16, 19, 32, 35, 36, 38]
12-Jun-2020 [1, 16, 24, 28, 30, 31, 47]
16-Jun-2020 [1, 3, 22, 30, 31, 37, 40]
19-Jun-2020 [3, 12, 17, 22, 29, 31, 48]
23-Jun-2020 [2, 3, 6, 13, 37, 42, 46]
26-Jun-2020 [8, 14, 31, 36, 39, 46, 47]
30-Jun-2020 [11, 12, 22, 33, 37, 48, 49]
03-Jul-2020 [3, 4, 21, 33, 38, 44, 45]
07-Jul-2020 [9, 20, 21, 22, 25, 26, 37]
10-Jul-2020 [17, 18, 27, 38, 39, 40, 47]
14-Jul-2020 [3, 9, 21, 35, 44, 47, 48]
17-Jul-2020 [5, 11, 15, 18, 20, 24, 46]
21-Jul-2020 [7, 22, 26, 35, 46, 47, 49]
24-Jul-2020 [17, 20, 27, 29, 37, 39, 41]
28-Jul-2020 [7, 10, 11, 24, 39, 43, 48]
31-Jul-2020 [8, 16, 19, 22, 28, 31, 38]
04-Aug-2020 [18, 24, 25, 30, 31, 33, 48]
07-Aug-2020 [9, 21, 26, 28, 30, 37, 44]
11-Aug-2020 [9, 17, 22, 33, 36, 45, 46]
14-Aug-2020 [3, 22, 37, 39, 41, 43, 44]
18-Aug-2020 [1, 2, 16, 32, 44, 46, 50]
21-Aug-2020 [1, 2, 5, 11, 20, 30, 39]
25-Aug-2020 [1, 21, 34, 38, 39, 40, 46]
28-Aug-2020 [5, 8, 9, 28, 32, 48, 50]
01-Sep-2020 [2, 9, 29, 30, 31, 35, 37]
04-Sep-2020 [7, 18, 22, 26, 35, 41, 50]
08-Sep-2020 [6, 12, 19, 27, 30, 32, 44]
11-Sep-2020 [4, 15, 16, 17, 35, 46, 50]
15-Sep-2020 [1, 5, 6, 24, 27, 28, 32]
18-Sep-2020 [2, 11, 22, 25, 32, 40, 44]
22-Sep-2020 [8, 9, 37, 38, 40, 43, 49]
25-Sep-2020 [1, 7, 9, 28, 38, 48, 50]
29-Sep-2020 [4, 6, 9, 15, 22, 24, 28]
02-Oct-2020 [7, 12, 16, 26, 40, 45, 49]
06-Oct-2020 [4, 5, 9, 19, 28, 34, 44]
09-Oct-2020 [4, 6, 12, 30, 32, 33, 34]
13-Oct-2020 [3, 10, 13, 19, 21, 45, 49]
16-Oct-2020 [1, 4, 8, 10, 12, 17, 41]
20-Oct-2020 [8, 27, 30, 44, 46, 47, 50]
23-Oct-2020 [2, 8, 20, 21, 29, 34, 37]
27-Oct-2020 [2, 9, 11, 29, 33, 39, 44]
30-Oct-2020 [19, 20, 23, 31, 37, 46, 48]
03-Nov-2020 [5, 7, 14, 21, 26, 34, 49]
06-Nov-2020 [7, 9, 19, 20, 26, 32, 35]
10-Nov-2020 [4, 6, 18, 27, 28, 30, 40]
13-Nov-2020 [3, 4, 7, 19, 44, 48, 49]
17-Nov-2020 [6, 18, 21, 30, 31, 34, 38]
20-Nov-2020 [11, 17, 29, 33, 39, 40, 42]
24-Nov-2020 [6, 8, 13, 27, 41, 46, 47]
27-Nov-2020 [9, 15, 35, 41, 42, 45, 46]
01-Dec-2020 [1, 4, 9, 15, 18, 24, 31]
04-Dec-2020 [5, 7, 14, 23, 24, 46, 47]
08-Dec-2020 [5, 13, 14, 21, 36, 37, 43]
11-Dec-2020 [9, 21, 30, 33, 38, 39, 46]
15-Dec-2020 [1, 4, 20, 33, 44, 45, 49]
18-Dec-2020 [2, 9, 10, 22, 31, 35, 49]
22-Dec-2020 [4, 29, 30, 37, 38, 43, 44]
25-Dec-2020 [8, 12, 16, 30, 38, 48, 50]
29-Dec-2020 [8, 12, 23, 25, 29, 43, 46]
01-Jan-2021 [18, 21, 28, 29, 31, 32, 49]
05-Jan-2021 [1, 16, 21, 24, 35, 37, 39]
08-Jan-2021 [4, 21, 24, 25, 26, 27, 42]
12-Jan-2021 [4, 12, 13, 15, 18, 30, 50]
15-Jan-2021 [5, 23, 31, 35, 36, 37, 43]
19-Jan-2021 [23, 31, 34, 38, 40, 45, 50]
22-Jan-2021 [11, 21, 23, 25, 28, 41, 43]
26-Jan-2021 [26, 37, 42, 44, 46, 49, 50]
29-Jan-2021 [9, 11, 20, 22, 33, 36, 46]
02-Feb-2021 [17, 24, 27, 34, 38, 42, 48]
05-Feb-2021 [1, 2, 23, 32, 35, 36, 45]
09-Feb-2021 [4, 12, 16, 17, 33, 36, 44]
12-Feb-2021 [2, 5, 10, 11, 14, 23, 33]
16-Feb-2021 [1, 6, 12, 21, 34, 37, 47]
19-Feb-2021 [1, 5, 10, 18, 20, 40, 42]
